256
266
269
299
308
310
295
308
298
302
299
308
299
302
299
308
299
302
299
308
299
302
299
308
299
302
299
308
299
302
299
308
299
302
299
308
299
269
266
302
304
294
311
313
313
315
266
269
299
308
310
269
266
263
308
317
314
317
308
258
319
316
319
310
310
256
266
269
299
308
310
295
308
298
302
299
308
299
302
299
308
299
302
299
308
299
302
299
308
299
302
299
308
299
305
299
308
294
299
269
266
302
304
311
313
313
315
298
300
311
313
301
303
305
307
302
311
302
304
313
304
305
307
302
311
302
304
313
304
305
307
302
311
302
304
313
304
305
307
302
311
302
304
313
304
305
307
302
311
302
304
313
304
308
310
302
311
304
313
297
299
302
304
270
270
267
270
300
309
311
296
309
299
303
300
309
300
303
300
309
300
303
300
309
300
303
300
309
300
303
300
309
300
303
300
309
300
303
300
309
300
303
300
309
300
303
300
309
300
303
300
309
300
303
300
309
300
303
300
309
300
303
300
309
300
270
267
295
266
311
320
317
320
311
261
322
319
322
313
313
